# This file may be used to create an environment using:
# $ conda create --name <env> --file <this file>
# platform: win-64
asgiref=3.6.0=pyhd8ed1ab_0
attrs=22.2.0=pyh71513ae_0
backports.zoneinfo=0.2.1=py311h1ea47a8_7
beautifulsoup4=4.11.2=pyha770c72_0
brotlipy=0.7.0=py311ha68e1ae_1005
bzip2=1.0.8=h8ffe710_4
ca-certificates=2022.12.7=h5b45459_0
certifi=2022.12.7=pyhd8ed1ab_0
cffi=1.15.1=py311h7d9ee11_3
charset-normalizer=2.1.1=pyhd8ed1ab_0
colorama=0.4.6=pyhd8ed1ab_0
cryptography=39.0.1=py311h28e9c30_0
django=4.1.7=pyhd8ed1ab_0
exceptiongroup=1.1.0=pyhd8ed1ab_0
execnet=1.9.0=pyhd8ed1ab_0
greenlet=2.0.2=py311h12c1d0e_0
idna=3.4=pyhd8ed1ab_0
iniconfig=2.0.0=pyhd8ed1ab_0
intel-openmp=2023.0.0=h57928b3_25922
krb5=1.20.1=heb0366b_0
libblas=3.9.0=16_win64_mkl
libcblas=3.9.0=16_win64_mkl
libffi=3.4.2=h8ffe710_5
libhwloc=2.9.0=h51c2c0f_0
libiconv=1.17=h8ffe710_0
liblapack=3.9.0=16_win64_mkl
libpq=15.2=ha9684e8_0
libsqlite=3.40.0=hcfcfb64_0
libxml2=2.10.3=hc3477c8_0
libxslt=1.1.37=h0192164_0
libzlib=1.2.13=hcfcfb64_4
lxml=4.9.2=py311h5942461_0
mkl=2022.1.0=h6a75c08_874
numpy=1.24.2=py311h0b4df5a_0
openssl=3.0.8=hcfcfb64_0
packaging=23.0=pyhd8ed1ab_0
pandas=1.5.3=py311hf63dbb6_0
pip=23.0.1=pyhd8ed1ab_0
pluggy=1.0.0=pyhd8ed1ab_5
psycopg2=2.9.3=py311hb12f294_2
pthreads-win32=2.9.1=hfa6e2cd_3
pycparser=2.21=pyhd8ed1ab_0
pyopenssl=23.0.0=pyhd8ed1ab_0
pysocks=1.7.1=pyh0701188_6
pytest=7.2.1=pyhd8ed1ab_0
pytest-xdist=3.2.0=pyhd8ed1ab_0
python=3.11.0=hcf16a7b_0_cpython
python-dateutil=2.8.2=pyhd8ed1ab_0
python-decouple=3.7=pyhd8ed1ab_0
python_abi=3.11=3_cp311
pytz=2022.7.1=pyhd8ed1ab_0
requests=2.28.2=pyhd8ed1ab_0
setuptools=67.4.0=pyhd8ed1ab_0
six=1.16.0=pyh6c4a22f_0
soupsieve=2.3.2.post1=pyhd8ed1ab_0
sqlalchemy=2.0.4=py311ha68e1ae_0
sqlparse=0.4.3=pyhd8ed1ab_0
tbb=2021.8.0=h91493d7_0
tk=8.6.12=h8ffe710_0
tomli=2.0.1=pyhd8ed1ab_0
typing-extensions=4.4.0=hd8ed1ab_0
typing_extensions=4.4.0=pyha770c72_0
tzdata=2022g=h191b570_0
ucrt=10.0.22621.0=h57928b3_0
urllib3=1.26.14=pyhd8ed1ab_0
vc=14.3=hb6edc58_10
vs2015_runtime=14.34.31931=h4c5c07a_10
wheel=0.38.4=pyhd8ed1ab_0
win_inet_pton=1.1.0=pyhd8ed1ab_6
xz=5.2.6=h8d14728_0
